0
0
0
0
0
0
0
0
0
0
0
0
0
0
0
0
0
0
0
0
0
0
0
0
0
0
0
0
0
0
0
0
0
0
0
0
0
0
0
0
0
0
0
0
0
0
0
0
0
0
0
0
0
0
0
0
0
0
0
0
0
0
0
0
0
0
0
0
0
0
0
0
0
0
0
0
0
0
0
0
0
0
0
0
0
0
0
0
0
0
0
0
0
0
0
0
0
0
0
0
0
0
0
0
0
0
0
0
0
0
0
0
0
0
0
0
0
0
0
0
0
0
0
0
0
0
0
0
0
0
0
0
0
0
0
0
0
0
0
0
0
0
0
0
0
0
0
0
0
0
0
0
0
0
0
0
0
0
0
0
0
0
0
0
0
0
0
0
0
0
0
0
0
0
0
0
0
0
0
0
0
0
0
0
0
0
0
0
0
0
0
0
0
0
0
0
0
0
0
0
0
0
0
0
0
0
0
0
0
0
0
0
0
0
0
0
0
0
0
0
0
0
0
0
0
0
0
0
0
0
0
0
0
0
0
0
0
0
0
0
0
0
0
0
0
0
0
0
0
0
0
0
0
0
0
0
0
0
0
0
0
0
0
0
0
0
0
0
0
0
0
0
0
0
0
0
0
0
0
0
0
0
0
0
0
0
0
0
0
0
0
0
0
0
0
0
0
0
0
0
0
0
0
0
0
0
0
0
0
0
0
0
0
0
0
0
0
0
0
0
0
0
0
0
0
0
0
0
0
0
0
0
0
0
0
0
0
0
0
0
0
0
0
0
0
0
0
0
0
0
0
0
0
0
0
0
0
0
0
0
0
0
1
0
0
0
1
0
0
0
0
0
0
1
0
2
1
3
0
2
0
3
0
1
0
3
4
3
0
1
5
3
1
7
6
7
5
6
10
4
10
21
19
12
25
25
21
43
41
49
64
44
74
75
55
87
90
93
97
109
96
118
143
176
151
155
158
155
154
175
176
197
224
213
237
199
226
240
234
246
250
260
230
221
209
227
223
236
272
253
226
264
210
228
245
220
243
240
221
230
204
198
187
224
245
239
220
239
212
253
256
263
293
329
337
349
449
453
452
471
628
712
653
668
778
765
923
932
1117
1139
1225
1411
1656
2114
2543
2600
2651
3160
3352
3688
3904
4128
4527
4754
5029
5504
6569
7370
7904
8359
8641
9754
10066
9777
9519
10018
11078
12232
13384
14358
14473
14596
15347
15816
16261
16576
17473
17947
18619
19291
20523
21308
22629
23289
24206
24208
23383
22704
22485
21209
20135
19614
17994
16820
16220
16104
16907
16549
15671
14007
13853
14538
14006
13929
13700
14289
14220
16218
15943
15617
15263
17674
17489
17875
17441
18493
18024
18371
19311
21149
21305
19190
18360
17176
16690
16149
16004
14958
13552
13191
11346
10311
8895
8620
7854
10794
10276
8297
7118
5897
7104
6385
6457
5640
5265
4406
3514
3094
2467
2337
1977
1701
1401
1078
860
696
581
453
374
309
249
190
139
120
83
64
41
44
31
19
17
9
11
3
4
3
1
3
1
0
1
0
0
0
0
0
0
0
0
0
0
0
0
0
0
0
0
0
0
0
0
0
0
0
0
0
0
0
0
0
0
0
0
0
0
0
0
0
0
0
0
0
0
0
0
0
0
0
0
0
0
0
0
0
0
0
0
0
0
0
0
0
0
0
0
0
0
0
0
0
0
0
0
0
0
0
0
0
0
0
0
0
0
0
0
0
0
0
0
0
0
0
0
0
0
0
0
0
0
0
0
0
0
0
0
0
0
0
0
0
0
0
0
0
0
0
0
0
0
0
0
0
0
0
0
0
0
0
0
0
0
0
0
0
0
0
0
0
0
0
0
0
0
0
0
0
0
0
0
0
0
0
0
0
0
0
0
0
0
0
0
0
0
0
0
0
0
0
0
0
0
0
0
0
0
0
0
0
0
0
0
0
0
0
0
0
0
0
0
0
0
0
0
0
0
0
0
0
0
0
0
0
0
0
0
0
0
0
0
0
0
