2
1
0
0
0
6
2
1
2
0
9
7
17
25
10
27
29
38
51
38
57
50
94
118
167
148
156
186
238
308
361
363
420
469
581
642
612
683
638
750
685
724
604
594
620
686
734
817
801
836
936
1102
1181
1168
1146
1189
1307
1458
1417
1467
1614
1643
1840
1701
1700
1468
1515
1577
1612
1731
1743
1804
1747
1740
1670
1589
1471
1409
1393
1498
1445
1479
1496
1594
1471
1454
1521
1423
1469
1501
1534
1621
1640
1564
1601
1586
1496
1299
1292
1218
1163
1179
1244
1189
1130
1101
1037
925
834
802
755
788
796
831
814
752
669
604
627
560
579
548
495
521
531
495
436
458
385
340
361
291
331
330
374
291
279
235
201
186
166
158
139
132
127
132
153
107
76
81
39
62
37
47
28
45
31
24
27
19
23
17
14
9
16
8
9
9
4
8
6
9
3
3
4
5
1
5
1
1
3
1
2
4
1
2
0
1
1
2
