1
2
1
2
2
3
1
2
7
6
11
17
23
26
40
43
50
59
73
102
118
144
169
192
281
307
355
414
520
550
679
791
937
1044
1245
1284
1545
1742
1924
2208
2277
2687
2993
2809
3137
3718
3357
3970
4276
4366
4737
5105
5240
5447
5704
5903
6468
6200
7087
6991
6958
7503
8167
7270
7647
8278
8252
8652
8332
8506
9249
9990
9154
9443
9250
9824
9771
9775
9957
10446
10171
9308
9309
9394
9124
8100
8576
8429
8426
7959
8273
7204
7332
7015
6302
6295
6328
5552
5685
6049
5584
5416
5109
4711
4315
4377
4171
3633
3741
3584
3485
3145
2750
2179
2043
1886
1378
1273
1142
1089
840
955
703
489
439
307
161
146
58
65
58
63
55
45
47
40
37
33
30
21
19
25
15
15
15
16
14
10
6
5
4
