1
0
0
0
0
0
0
0
0
3
2
5
1
5
2
3
4
8
9
12
17
13
16
36
44
34
60
66
94
71
111
117
162
197
250
264
303
353
364
432
455
508
559
605
637
705
841
988
1077
1240
1390
1583
1777
2072
2177
2404
2579
2806
2971
2977
3194
3295
3413
3569
3566
4027
4090
4305
4590
4685
5264
4821
5226
4929
4967
4623
4613
4290
4167
3885
3908
4230
4426
4240
4668
4168
4460
4009
4125
3886
3940
3559
3375
2938
3044
2721
2827
2710
2803
2714
2841
2692
2728
2805
2737
2524
2625
2397
2302
2215
2201
2271
2172
2009
1929
2104
2008
2030
1962
1912
1705
1685
1660
1521
1470
1555
1470
1547
1475
1415
1382
1459
1438
1400
1314
1278
1158
1229
1107
1024
1033
1065
1107
1085
1020
1053
1000
1019
909
964
805
874
930
889
707
724
756
742
628
655
683
627
571
579
538
527
482
557
470
423
463
446
386
316
367
317
297
228
263
220
186
155
170
115
114
114
126
99
102
101
95
116
91
79
80
75
85
76
60
48
59
52
58
41
45
58
46
48
40
43
47
37
52
55
45
33
38
33
44
31
28
38
20
31
29
20
26
31
18
24
27
14
25
16
14
14
19
11
14
9
8
5
8
7
4
8
9
8
2
4
4
5
7
2
1
0
6
2
2
6
1
1
3
1
0
1
3
0
1
2
2
0
1
0
0
0
0
0
0
1
