2
2
5
6
13
14
24
24
22
44
59
66
96
116
164
188
255
262
252
239
202
264
301
427
533
538
691
697
804
913
1029
1225
1438
1618
1438
1422
1419
1513
1840
2139
2215
2331
2495
2674
2841
2924
3143
3214
3198
3362
2916
2926
2562
2778
2724
2844
3020
2798
2941
3163
3224
3344
3406
3291
3192
3242
3184
3290
2884
2818
2721
2398
2326
2278
2293
2505
2469
2567
2322
2125
2032
2009
1902
1923
1936
2010
1835
1755
1594
1701
1534
1547
1454
1524
1472
1375
1286
1434
1427
1513
1379
1433
1473
1429
1350
1342
1248
1143
1194
1181
1090
1039
968
911
874
784
781
876
841
822
733
706
700
600
538
642
602
630
496
429
417
438
329
325
323
364
307
296
276
256
223
253
218
197
187
182
141
138
149
168
103
151
110
162
126
141
124
130
111
128
95
112
113
79
106
87
69
79
69
85
73
70
68
47
53
45
65
31
51
42
46
49
42
39
33
33
40
36
34
35
18
31
16
38
24
30
36
33
17
18
18
23
9
21
6
21
12
25
14
18
7
21
10
14
7
11
7
9
10
6
10
8
9
10
10
4
3
2
5
5
7
4
6
4
7
1
4
2
2
0
6
0
3
0
1
1
1
0
1
1
0
0
0
0
0
0
0
0
1
1
0
0
0
1
