1
1
3
1
4
11
12
14
22
25
24
40
49
71
108
135
195
224
295
366
474
628
814
1083
1341
1649
2053
2127
2801
3261
3675
4130
5124
5951
6454
7495
8606
10217
10769
11533
13598
15164
17090
18149
21039
23838
26011
26982
29579
32240
33158
34370
36257
40323
41905
43093
43843
46982
47835
46544
49305
48936
49090
45358
47308
51508
49270
49348
51200
48858
46717
45862
45258
43413
41226
37529
36707
33944
30293
30425
29374
28826
23524
21811
20512
19854
17198
17739
16777
17180
15282
12779
11472
8196
5946
5468
5710
6170
6365
6589
6828
4372
3735
2861
2484
2223
2040
2127
2048
2132
2229
2431
1924
1745
1425
1186
845
679
501
492
536
504
479
373
325
147
69
55
67
67
62
40
19
6
0
1
1
1
