1
0
3
2
4
7
14
17
25
42
61
101
147
204
276
398
509
717
948
1238
1717
2257
2918
3840
5042
6438
7950
9950
12571
15976
18108
21072
23293
28101
29257
34119
38283
45171
49168
55244
60775
70446
74343
72858
79307
83872
92925
92342
104696
108573
116363
116135
130305
135202
136191
135749
131841
136687
133687
133933
127790
130801
128395
129324
135453
142391
135765
130568
127196
124929
120774
116701
109130
101163
92906
87241
82668
79790
74909
69453
64833
62968
56533
53949
49917
44650
40953
40427
34574
29255
27765
21256
17366
16060
15370
11309
10784
9559
8547
6479
6385
6202
5640
4085
3611
3505
2457
2320
2000
2022
1746
1630
1393
1456
1387
1438
1285
1271
1327
1218
1093
1082
1052
903
936
867
849
775
763
731
815
802
830
848
790
716
715
713
584
537
575
470
427
473
474
456
481
480
452
459
412
408
483
411
366
439
463
438
467
470
450
417
377
376
307
307
252
283
275
279
308
302
312
317
276
273
260
268
274
203
217
237
244
210
224
229
242
237
248
248
256
223
227
204
215
217
210
233
196
215
214
245
205
221
171
166
181
164
124
114
84
69
59
61
58
71
82
69
70
67
77
54
37
25
27
25
19
4
7
5
6
6
7
8
5
2
3
1
0
0
0
0
0
0
1
0
1
0
1
0
1
