1
0
0
3
0
1
1
0
3
2
1
4
7
4
9
12
5
18
18
17
24
31
30
40
40
52
76
64
71
98
117
125
124
120
170
181
195
206
252
278
329
347
384
449
432
401
480
507
591
644
620
707
759
776
788
806
810
981
1020
973
1146
1057
991
1029
988
1032
1138
1134
1159
1269
1139
1146
1105
1033
996
1087
1059
1025
964
903
888
811
706
619
662
550
531
506
491
506
372
244
182
168
151
145
123
122
115
102
68
51
71
53
49
46
45
33
29
27
49
29
35
37
34
33
27
17
25
26
31
23
23
23
26
17
28
14
16
17
21
15
18
14
15
13
12
5
10
12
10
10
14
8
8
5
10
7
3
3
8
3
2
5
4
3
6
1
1
4
2
2
1
3
4
3
2
3
2
3
2
0
3
4
2
2
1
6
1
0
1
2
0
1
1
1
2
1
1
0
0
0
1
0
0
0
1
0
0
1
0
0
0
0
0
0
0
0
0
0
1
