2
0
3
2
5
8
9
11
17
16
36
33
52
50
63
97
99
142
153
200
234
289
321
407
451
543
665
757
879
1004
1145
1198
1337
1624
1805
2151
2380
2500
2805
2870
3279
3350
3904
4302
4336
4862
4320
4490
4555
4354
4810
4860
5052
4782
4976
5009
4931
4824
4321
4323
4117
4531
4702
4270
4319
3661
3123
3327
3293
3132
2594
2490
2410
2209
2104
2210
2230
1780
1563
1497
1449
1333
1177
1168
1199
1091
963
912
814
757
685
640
669
696
555
624
521
547
540
540
534
538
497
450
438
366
343
332
318
313
284
252
259
269
245
269
264
211
200
191
191
164
133
163
128
113
78
67
67
35
42
27
21
11
16
22
11
6
12
4
8
7
3
4
4
3
4
3
3
3
1
4
3
2
2
4
1
2
3
1
1
1
3
1
1
0
1
1
2
0
1
2
0
0
0
0
0
0
1
0
1
1
0
1
0
0
0
0
1
0
0
0
0
0
1
0
0
0
1
0
0
0
0
0
0
0
0
1
