1
1
1
1
3
0
2
2
1
3
5
7
6
8
8
10
4
13
16
15
24
15
20
22
22
23
49
38
39
62
58
53
51
83
80
68
80
104
106
99
109
128
118
141
156
156
141
161
149
162
166
167
205
235
200
201
174
208
175
190
195
229
261
236
274
202
222
203
205
240
213
251
262
286
274
283
250
227
209
237
253
241
279
253
261
262
201
178
147
154
156
147
183
181
165
175
166
195
160
156
154
139
149
119
109
99
106
124
87
117
117
107
114
109
103
129
122
113
117
100
124
120
121
79
89
93
81
81
77
80
68
66
65
61
61
57
64
70
65
55
71
50
40
45
39
37
38
29
19
20
23
23
26
27
21
31
23
27
24
31
23
25
24
21
21
13
22
16
11
16
12
15
10
6
8
8
11
1
4
1
5
1
5
1
5
1
2
3
1
2
0
1
1
