1
1
2
2
1
2
1
0
1
2
3
4
6
6
11
12
8
18
24
30
28
29
28
38
47
42
50
65
89
91
104
124
122
131
140
162
172
186
232
264
280
345
367
409
437
453
464
507
545
644
705
759
836
904
977
1011
1016
1025
1059
1139
1109
1192
1149
1241
1207
1295
1362
1364
1442
1388
1444
1478
1546
1440
1482
1414
1426
1427
1473
1431
1400
1317
1241
1348
1471
1497
1564
1523
1527
1558
1536
1521
1542
1471
1368
1419
1242
1236
1240
1259
1301
1227
1165
1258
1203
1249
1238
1240
1151
1079
999
931
991
881
869
823
758
708
748
829
784
715
693
691
615
569
592
547
519
495
528
416
452
479
473
435
457
448
385
404
395
369
344
330
322
305
319
319
286
269
309
293
272
244
300
235
233
209
195
214
169
193
166
166
158
146
141
159
136
132
132
124
110
106
109
91
93
99
95
120
139
117
110
129
129
113
111
95
94
98
81
106
95
100
119
104
125
143
109
109
108
107
75
74
73
65
70
68
70
73
55
91
78
79
67
53
67
62
52
66
45
64
52
42
50
48
40
41
50
36
32
33
30
29
26
32
21
28
19
22
23
17
18
22
19
13
12
10
15
21
18
14
12
13
10
12
3
9
9
9
6
3
6
7
1
2
4
2
2
3
1
0
1
1
1
1
2
0
0
0
1
1
0
1
0
0
0
1
