1
0
0
0
0
2
1
4
4
3
9
9
4
15
18
22
27
31
54
57
80
84
107
100
138
142
233
268
342
344
408
432
367
444
496
582
584
739
771
927
906
857
960
941
1066
1018
1284
1293
1493
1426
1515
1525
1559
1608
1661
1810
1670
1764
1815
1880
1845
1786
1797
1840
1841
1834
2027
1966
2134
2143
2133
1958
2030
1881
1777
1914
1623
1529
1571
1291
1280
1192
1058
1033
989
1065
1071
1127
1136
1140
1044
952
856
848
814
770
828
706
553
547
563
500
499
601
567
624
561
558
541
493
489
451
483
553
555
573
565
531
577
486
466
524
498
485
462
436
400
372
325
307
270
300
319
365
396
362
326
316
299
238
232
235
291
295
329
393
302
293
280
253
237
235
239
291
257
283
287
267
274
268
226
235
288
261
253
201
199
216
168
185
172
170
157
172
156
156
110
106
93
92
93
67
80
78
76
70
60
69
52
60
55
69
46
54
39
37
31
38
42
39
36
33
41
20
32
27
18
20
23
39
26
25
23
15
13
12
9
15
15
18
14
13
12
17
8
6
5
8
4
5
4
5
9
8
5
3
6
8
4
6
3
5
3
3
4
3
4
2
3
4
2
2
1
1
0
3
1
3
2
2
0
0
0
0
0
0
0
0
0
3
0
0
0
1
