1
0
1
2
0
2
6
5
10
7
12
16
18
22
40
48
65
89
99
143
170
223
305
336
456
555
667
888
894
1160
1452
1523
1882
2204
2483
3130
3374
3434
3884
4371
4743
4730
5429
5888
6519
6978
7291
7920
8189
8744
9137
9984
11447
12021
12817
13465
14134
14387
14399
14028
13861
14521
15364
15796
14383
14726
15425
15644
15830
15999
16273
17348
16850
17445
16890
16665
16076
16119
15922
17515
17685
16513
14541
14342
15215
15421
15850
15586
15534
14960
14374
13467
13759
13739
14159
14521
13897
14058
14127
13229
13768
13826
13691
14134
14093
14145
14968
15458
15565
15566
15412
15785
14856
14601
15763
16206
16610
16591
16643
16233
15272
14606
15212
15828
16805
16326
14770
13011
12411
11625
11876
12341
13295
12784
10787
9864
8830
8209
7658
7809
8407
7989
7064
5772
4391
4178
3923
3892
4086
4096
3430
3160
2419
2393
2321
2431
2625
2549
2321
2261
1984
1940
1979
1803
2009
1910
1817
1735
1796
1645
1556
1534
1702
1727
1594
1391
1398
1262
1302
1347
1318
1221
1138
1077
983
998
917
979
883
878
793
776
639
596
605
575
667
647
525
548
483
506
467
463
446
493
446
455
418
345
381
352
384
372
390
395
390
355
365
346
349
373
332
318
348
332
299
295
298
295
294
276
254
272
264
263
275
248
246
229
231
204
226
183
164
183
170
155
140
145
127
126
105
117
124
118
89
80
76
79
62
71
83
67
57
49
39
48
49
44
43
43
38
35
23
18
26
16
18
10
11
16
12
6
5
5
6
1
6
4
10
1
4
4
0
4
0
2
2
0
1
