1
1
3
2
4
8
7
15
26
30
52
61
87
113
134
190
216
319
189
254
354
404
540
708
850
1075
1075
1379
1747
2169
2620
2307
2833
2983
3193
3787
4021
3698
4386
3954
4623
5737
6409
6620
6773
6459
6716
7302
8627
9292
10069
9999
10861
11327
13103
14640
14996
14371
15453
15682
15761
16684
15321
15407
14725
15279
17019
18013
19348
20638
19428
19637
19910
20520
19923
20938
21787
20746
20931
22267
22931
22344
23889
25578
23578
21644
23130
21030
20186
20202
17662
16077
15305
16224
17057
17217
18063
18561
15187
14539
14857
15061
13866
14301
15009
12644
11272
12106
12378
11262
12365
11532
8672
8879
9415
7105
6607
6938
5951
4579
4644
4844
3872
3713
3742
3502
3559
3411
3154
3006
2840
2234
1875
1767
1870
1865
1923
1999
1816
1763
1697
1831
1625
1528
1475
1374
1149
1077
1152
1070
1030
1066
961
926
954
817
701
632
602
576
529
551
567
480
406
417
434
401
448
458
490
402
350
341
343
344
342
272
266
247
277
300
269
260
224
226
233
234
224
178
178
159
162
178
182
113
112
111
102
96
103
95
65
69
77
68
62
71
85
58
69
80
49
36
38
27
24
27
30
23
25
24
29
15
25
16
12
8
5
5
8
5
5
4
8
2
5
5
3
2
1
1
2
1
3
2
2
2
2
1
1
1
0
0
1
2
