0.000005
0.000004
0.021112
0.000005
0.000004
0.034344
0.000001
0.000001
0.030986
0.000001
0.000001
0.037996
0.000002
0.000002
0.046570
0.000007
0.000010
0.057933
0.000047
0.000034
0.067852
0.000378
0.000123
0.077142
0.003624
0.000333
0.086230
0.037177
0.002453
0.101537
0.404955
0.016022
0.120009
5.109385
0.187058
0.113899
82.025816
0.231504
0.161542
0.018088
0.034854
0.030818
0.049671
0.063333
0.064567
0.074389
0.077424
0.087621
0.101959
0.109867
0.118862
0.128713
0.138758
0.153532
0.160387
0.000004
0.000004
0.000006
0.000008
0.000013
0.000043
0.000272
0.001339
0.008098
0.057791
0.455290
5.697014
92.055216
1433.687069
0.000004
0.000005
0.000005
0.000007
0.000013
0.000053
0.000187
0.000455
0.000651
0.004312
0.024134
0.198422
0.169617
1.443086
0.000005
0.000004
0.000006
0.000006
0.000013
0.000051
0.000168
0.000615
0.000881
0.005306
0.026180
0.209989
0.178434
1.526332
0.000005
0.000005
0.000007
0.000008
0.000016
0.000056
0.000068
0.000275
0.000693
0.004298
0.022726
0.184167
0.149224
1.309213
0.000003
0.000003
0.000003
0.000005
0.000009
0.000026
0.000083
0.000379
0.000970
0.007537
0.030811
0.178846
0.153398
1.276605
0.000005
0.000006
0.000006
0.000007
0.000013
0.000054
0.000198
0.000178
0.000672
0.004089
0.021649
0.187388
0.153897
1.274551
0.000005
0.000005
0.000006
0.000007
0.000015
0.000019
0.000067
0.000282
0.000758
0.004385
0.022242
0.181687
0.145568
1.268877
0.000005
0.000005
0.000006
0.000008
0.000008
0.000022
0.000079
0.000315
0.000864
0.004865
0.021574
0.186745
0.149446
1.237335
17.904751
62.599781
0.000004
0.000006
0.000006
0.000007
0.000014
0.000051
0.000229
0.000745
0.007387
0.017526
0.035523
0.012555
0.247932
0.530393
11.594206
34.513915
0.000001
0.000002
0.000001
0.000002
0.000003
0.000013
0.000025
0.000187
0.000844
0.002281
0.011464
0.035178
0.593976
0.904676
2.506377
25.355209
0.000006
0.000005
0.000005
0.000009
0.000019
0.000068
0.000222
0.000807
0.002359
0.013170
0.063197
0.187713
0.171445
1.222350
16.346996
63.106050
88.229117
43.970157
235.152234
1.050338
1.048472
1.049384
119.496425
1.052012
1.034551
5.228822
1.055566
5.227941
3.489182
1.058849
0.397367
0.808488
0.008571
0.027151
0.041207
0.054489
0.061773
0.071239
0.083641
0.096808
0.103026
0.124060
0.131350
0.143023
0.155923
0.164096
0.178493
0.188428
1.096406
1.059964
1.048861
1.046999
1.139104
0.009522
0.026831
0.034270
0.046899
0.071011
0.071470
0.077348
0.096654
0.102143
0.121340
0.143498
0.152148
0.166526
0.164296
0.176461
0.191546
0.004162
0.016859
0.028119
0.038668
0.054871
0.058157
0.077078
0.080040
0.091244
0.102540
0.126615
0.127429
0.140896
0.145867
0.162839
0.163209
0.147063
0.154848
0.147129
0.170588
0.152806
0.151698
0.176722
0.157526
0.132239
0.140848
0.172049
0.138155
0.128758
0.139350
0.135846
0.127611
0.138622
0.139402
0.131928
0.147177
0.140044
0.131022
0.139263
0.138482
0.134249
0.144805
0.017183
0.016254
0.027835
0.036865
0.050780
0.060000
0.068708
0.080453
0.090396
0.017131
0.016550
0.029248
0.035890
0.050144
0.056180
0.065730
0.075576
0.084052
0.097165
0.105665
0.117958
0.124926
0.135235
0.143335
