1
1
0
0
1
2
2
0
3
1
1
1
4
5
4
15
4
10
8
16
13
19
13
20
21
34
30
38
27
42
33
50
53
47
32
71
65
63
68
90
75
64
90
88
81
75
96
99
91
79
102
95
93
127
102
134
126
132
140
157
176
126
152
195
196
157
200
200
224
198
242
236
240
170
229
199
192
179
233
249
210
211
230
207
206
239
230
213
198
171
178
196
234
207
217
184
223
210
209
194
185
168
166
140
155
153
197
183
151
130
137
120
126
113
127
94
87
53
78
89
95
72
73
80
78
77
81
67
69
44
26
45
41
43
45
29
26
17
19
17
14
16
16
10
25
10
7
8
16
8
11
10
15
18
14
7
14
8
9
5
3
6
6
7
4
8
7
3
2
1
3
6
1
5
4
4
3
2
0
0
1
1
0
0
0
1
0
0
0
0
0
1
1
0
0
2
1
1
0
0
0
1
