1
2
1
1
3
2
3
9
5
7
13
8
14
21
12
26
20
28
28
34
35
26
34
34
43
60
70
69
65
82
84
116
137
139
166
186
155
157
186
192
254
261
270
291
286
305
320
317
329
322
321
297
318
271
310
317
306
325
335
307
314
329
319
274
206
193
166
145
156
174
138
96
89
92
91
97
88
75
78
57
73
67
68
67
50
64
66
62
82
57
74
70
67
84
55
66
56
74
64
54
59
54
44
45
37
35
35
56
45
42
26
33
29
27
43
31
34
27
23
28
20
22
36
17
27
20
29
27
28
25
33
18
21
26
19
30
30
18
14
15
11
22
16
15
17
15
10
23
14
18
13
5
8
4
10
6
2
12
8
4
4
4
6
8
1
3
2
2
5
1
0
0
4
1
2
2
0
5
