1
0
1
1
0
1
2
2
2
6
2
5
1
5
3
4
11
5
18
22
24
37
31
40
38
45
70
65
80
110
96
118
145
176
171
178
206
228
253
268
313
332
385
394
462
478
495
545
562
626
662
636
639
668
674
656
724
720
712
715
730
806
770
772
823
821
878
915
932
889
939
920
930
851
961
896
854
816
796
817
716
736
612
649
655
661
590
608
589
579
639
569
620
601
642
614
573
588
517
427
379
355
343
417
393
293
297
325
293
285
303
250
213
192
172
172
138
162
169
153
138
157
116
134
97
104
88
103
86
86
76
49
60
61
49
62
53
32
47
43
33
29
23
28
25
24
25
24
34
20
24
16
20
22
7
10
11
7
10
8
9
7
7
7
3
5
8
8
2
4
7
2
7
6
5
3
2
4
4
3
1
1
1
2
0
4
4
1
2
2
1
0
0
0
1
1
1
2
0
2
