1
2
1
2
3
6
6
9
8
16
17
17
32
34
39
65
68
90
95
130
182
193
243
306
373
423
531
668
732
912
1102
1346
1598
1896
2326
2697
3180
3779
4127
4728
5093
6047
6623
7599
8785
9104
10342
10407
11715
12007
13312
14251
16066
16279
16674
16795
18523
18380
19738
21084
22927
23670
22896
23890
24965
26117
25106
27027
27579
28488
26636
27406
27278
28238
25302
26362
25570
28235
24491
25199
24103
24374
22679
21753
21339
21960
20445
20339
18672
17666
16569
15438
14746
15214
14950
13970
13590
12764
12681
11091
10645
9767
10093
9253
8032
7187
6853
6550
6281
5948
6010
5932
5413
4728
4418
4508
3868
3823
3765
3650
3302
2793
2833
2577
2652
2126
2300
2110
2092
1819
1928
1775
1746
1654
1519
1541
1588
1332
1364
1344
1240
1046
1081
992
995
805
790
762
704
704
748
681
666
627
523
492
463
532
433
423
360
285
230
202
149
153
138
120
140
140
150
149
99
103
88
101
77
56
35
52
36
29
21
20
26
24
14
25
16
10
10
8
10
5
7
13
5
1
7
3
1
1
2
5
0
1
0
0
1
