1
2
4
1
7
6
12
15
25
29
36
53
65
85
121
124
146
184
250
324
373
468
572
649
847
1062
1120
1307
1515
1775
1865
2174
2518
2627
3029
3363
3622
4228
4722
5107
5797
6267
7184
7777
8302
8720
9053
9767
10280
11264
11737
12365
13239
13672
13967
14448
14909
15489
15568
17154
17267
17356
18360
18085
18656
19424
18593
18363
18579
18471
17601
17741
15752
15534
15692
15443
15669
15508
14197
13142
12963
12379
10540
10494
8882
7879
7551
6296
5540
4820
3962
3874
3815
3518
3284
3388
3170
2791
2739
2086
2105
1962
2129
2348
2244
1883
1649
1639
1591
1581
1661
1647
1723
1467
1527
1347
1163
1090
1051
1050
971
907
879
750
634
622
624
569
593
585
516
550
440
423
366
344
337
327
324
264
230
201
156
156
152
166
147
150
127
101
95
78
80
51
59
48
56
39
47
35
35
36
37
37
35
23
38
29
19
25
28
24
17
15
18
19
22
13
10
14
8
18
11
12
12
10
12
9
17
5
10
8
6
6
9
8
10
3
6
7
4
2
1
3
5
3
0
2
3
4
3
0
1
1
0
3
0
1
0
0
2
0
0
0
0
0
0
0
1
