1
0
0
2
1
2
0
0
3
4
2
13
7
2
16
10
3
13
12
10
29
24
27
45
48
49
91
88
80
131
114
122
109
93
122
112
137
158
201
193
190
227
225
238
343
340
351
437
429
486
530
537
461
509
519
527
596
642
730
749
763
812
756
821
914
949
825
903
937
982
1047
924
1004
1075
1141
1090
1137
1158
1333
1247
1205
1190
1065
1197
1227
1183
1478
1400
1482
1576
1468
1371
1690
1843
1415
1600
1657
1884
2093
1730
1756
1975
1972
2060
2030
1703
1602
1498
1697
1453
1220
1037
1092
1000
1108
822
890
777
588
639
508
462
336
367
383
382
351
322
344
383
327
310
365
299
334
335
359
358
363
364
339
391
399
340
425
420
416
417
378
416
366
385
454
399
426
475
423
414
411
419
391
420
396
408
444
436
495
518
545
522
477
487
486
474
395
408
421
374
373
340
356
339
366
319
341
362
315
385
323
363
340
429
338
395
350
325
400
295
325
325
318
256
312
271
293
279
246
228
240
223
222
183
166
174
191
157
127
148
118
132
99
102
71
92
79
56
59
56
74
54
44
52
44
38
30
23
24
35
30
34
18
22
19
18
13
12
8
16
15
11
8
5
3
7
2
6
5
1
2
4
2
3
3
3
1
1
0
1
1
1
0
0
0
0
2
0
2
0
1
0
2
0
0
0
0
0
1
0
1
1
