4
4
5
4
10
20
14
28
43
41
68
88
102
154
187
248
282
188
185
213
326
384
385
493
491
605
697
878
827
834
1007
1222
1186
1482
1806
2149
2681
2770
2856
3233
3830
4606
5122
5267
5659
6117
6937
7134
8672
8930
9565
10633
11202
11247
11538
11961
12701
14787
14335
13780
14484
14633
16040
17372
17590
17136
17391
19064
19838
20786
21840
23421
24268
23960
22540
22702
23218
24383
25179
25073
25605
25245
25700
26471
25865
25598
25226
23363
23496
25429
22903
23111
22377
21770
22272
20657
19442
16938
16902
18200
16365
16226
16020
15433
15482
13320
12095
11777
11804
11856
10374
9078
9400
8548
8050
8360
7492
7379
7603
6780
6640
6482
6731
6526
6528
6433
6274
6573
6960
6548
6542
6499
6138
6243
5988
5928
5960
6064
5757
5550
5434
5254
5158
4774
4804
4753
4812
4711
4622
4477
4455
4439
4264
3980
3952
3804
3946
3988
3915
3653
3732
3426
3260
3348
3324
3086
3074
2982
2796
2584
2582
2627
2661
2323
2224
2088
2092
2141
2166
2229
2271
2190
2066
2097
1962
1689
1724
1667
1589
1522
1511
1321
1278
1232
1204
1146
984
926
831
748
680
671
616
540
563
569
507
504
505
482
481
442
427
404
323
261
272
243
238
181
214
173
168
148
137
135
126
97
75
81
77
104
93
108
71
92
70
57
57
49
37
54
42
50
46
27
31
22
23
20
11
12
7
13
12
7
8
8
5
9
10
4
7
8
6
3
3
3
5
5
2
2
3
3
1
3
3
2
3
5
2
0
0
5
2
2
1
1
3
0
2
1
0
1
2
1
1
1
0
0
0
2
0
1
