2
3
1
0
0
0
4
4
0
1
1
2
7
7
5
9
11
13
11
13
14
19
28
30
33
37
37
53
63
65
87
108
91
115
148
160
188
201
227
267
319
338
347
362
423
487
599
614
684
764
836
940
1032
1135
1285
1422
1561
1626
1813
1902
2129
2458
2507
2765
2991
3212
3378
3604
4040
4336
4788
4978
5414
5765
6149
6504
7013
7555
7971
8431
9060
9505
10022
10547
11332
12107
12738
13385
14092
14678
15320
16162
17158
17770
18774
19378
20546
21248
22406
23102
23862
24821
25874
26831
27638
28661
29353
30798
31382
32297
33194
34580
34849
35669
36380
37531
38202
39294
39904
40725
41086
41727
42369
43430
43552
44081
44777
45033
45091
45427
45996
46533
46453
46771
47278
47018
47443
46695
47185
46689
46661
46417
46536
45964
45620
45233
44786
44229
43719
42966
42450
41905
41141
40423
39859
38817
37950
37372
36335
35717
34545
33970
33084
32199
31183
30191
29321
28460
27222
26643
25636
24837
23865
22785
22193
21160
20389
19362
18531
17737
17085
16189
15468
14577
14113
13433
12577
11847
11150
10549
10028
9416
8834
8494
7850
7175
6816
6501
5960
5515
5312
4835
4474
4204
3829
3519
3421
3099
2897
2659
2442
2202
2102
1986
1754
1668
1550
1335
1279
1130
996
883
880
766
689
648
523
489
451
398
339
345
274
230
233
188
161
162
126
115
120
107
90
72
59
45
49
46
42
36
28
27
26
23
15
14
15
7
11
16
3
4
1
1
2
3
1
1
2
