2
1
0
0
0
6
2
1
2
0
9
7
17
25
10
27
29
38
51
38
57
50
94
118
167
148
156
186
238
308
361
379
433
504
631
757
876
995
1016
1207
1416
1739
1945
2125
2301
2637
3014
3508
4085
4381
4918
5327
6068
6885
7612
8396
9116
10090
11135
12545
13765
15144
16525
17919
19500
21338
23634
25911
27708
30371
32654
35516
38659
41441
44785
47893
52144
55551
59894
64070
68594
73451
78174
83493
88270
94668
100493
107345
113268
119642
126488
133766
140808
148837
156695
164720
172786
181424
189538
198792
207153
217180
225900
235652
245328
255194
264866
274955
284194
293905
303925
314216
323613
334740
343984
353675
363648
372055
382010
391044
400380
409457
417561
424968
433799
442089
448865
456371
462518
468362
474665
481075
484876
488998
493824
497426
500682
502950
506088
507581
508504
508526
509701
508579
507926
505464
504959
501702
498867
496084
492322
487383
483049
477865
473367
467313
460161
452268
445579
438058
430381
422556
415309
406161
397515
388332
380309
369738
361206
352094
342030
332204
321889
313126
303307
293368
283719
274280
264525
254282
245098
235801
227049
217490
209453
200041
190716
183521
174991
166831
158927
151707
144271
136680
129451
123392
116739
110478
104597
98904
93009
87228
82661
77876
72007
68056
64245
59864
55858
51971
48690
45840
42061
39403
36586
33950
31048
28657
26859
24692
22272
20923
19399
17656
16234
15016
13590
12439
11337
10363
9205
8361
7974
6853
6296
5707
5278
4579
4226
3929
3466
3046
2772
2401
2202
2041
1698
1640
1403
1270
1062
1032
898
761
615
632
517
424
351
380
293
252
227
208
188
146
139
127
87
83
68
64
50
49
26
34
28
30
20
24
10
18
6
7
4
3
2
3
2
4
1
2
1
2
2
1
