1
2
1
2
2
3
1
2
7
6
11
17
23
26
40
43
50
59
73
102
118
144
169
192
281
307
355
414
520
550
679
791
969
1101
1289
1492
1803
2032
2357
2755
3182
3713
4240
4928
5500
6487
7192
8386
9537
10929
12293
14100
15756
17653
20107
22772
25823
28653
32261
36297
41577
45851
51483
56751
63547
70660
78788
87338
96828
106600
117378
130063
143891
158733
174097
191013
209204
228965
250586
274934
300120
325070
352254
384152
415858
452560
488537
526876
568275
612116
659753
711104
763874
817139
875387
936742
1002808
1067015
1137491
1211876
1288498
1364877
1450791
1538650
1623034
1716636
1809090
1908419
2011475
2118324
2223343
2330664
2443757
2557040
2674917
2794213
2915922
3032760
3157026
3280536
3408695
3533999
3662541
3792340
3914548
4040207
4166481
4298749
4424678
4542422
4661669
4781273
4898512
5013966
5124745
5230484
5337969
5436086
5527696
5624383
5713417
5788965
5867874
5944478
6006144
6068120
6124221
6165153
6203134
6245302
6267308
6297274
6309181
6314758
6319668
6310332
6300512
6279510
6261943
6224237
6189850
6141616
6091458
6036969
5972099
5902296
5825709
5749488
5664980
5577941
5481567
5388179
5288226
5179194
5069195
4958503
4844731
4728829
4612867
4490678
4367678
4244275
4119579
3988763
3867174
3740065
3615319
3489475
3366963
3239168
3117738
2995649
2876325
2759484
2640553
2525457
2413191
2303563
2195059
2090351
1989670
1888655
1794152
1698087
1608337
1520262
1436438
1351960
1275058
1198734
1127402
1056749
992308
928807
866505
810293
752802
703053
652470
605811
562493
519706
481219
444100
410512
375724
346104
317519
290627
266562
244181
221961
202094
184149
166115
150932
136365
123508
111304
100386
90221
79902
72507
63733
57548
50557
45175
40084
35136
31334
27195
24149
21002
18457
16140
14019
12119
10390
9038
7736
6844
5650
4912
4142
3599
3006
2490
2218
1759
1547
1219
1038
896
701
609
478
401
324
239
205
148
131
99
70
71
44
47
30
25
20
10
8
3
7
2
5
3
1
1
