1
0
0
0
0
0
0
0
0
3
2
5
1
5
2
3
4
8
9
12
17
13
16
36
44
34
60
66
94
71
111
117
162
197
250
278
351
435
447
547
688
784
929
1083
1257
1520
1755
2132
2360
2817
3260
3820
4328
5065
5858
6648
7852
8751
10140
11590
13399
15254
17279
19713
22473
25216
28711
32099
36587
41444
46499
52254
58872
66246
73955
83343
92326
103654
115596
128310
143767
159506
176864
195431
216506
240868
265865
293589
323296
355699
390750
430656
473272
518635
569138
621324
681253
745718
813401
887677
966054
1051814
1141520
1241598
1348285
1459314
1583274
1711171
1852446
1998751
2160764
2329056
2507500
2699862
2898974
3117188
3346490
3591430
3844696
4116167
4402558
4700309
5021955
5360389
5710301
6080783
6472337
6881505
7305589
7754325
8221938
8709854
9222974
9750699
10306296
10883352
11481433
12103923
12748922
13424668
14117493
14827498
15562042
16332474
17120255
17930298
18765836
19620216
20494256
21392457
22323385
23266047
24227743
25212675
26220648
27236316
28287973
29338072
30402663
31494738
32594484
33705763
34829749
35970458
37112413
38253933
39414969
40551711
41710293
42870359
44028219
45178868
46320578
47453544
48579760
49699265
50810819
51901443
52961172
54005953
55045849
56062489
57042438
57995015
58923434
59819545
60677192
61521583
62307308
63052508
63768654
64448532
65067978
65675002
66205693
66695804
67160693
67554202
67918780
68219909
68488473
68671167
68821042
68912167
68964063
68961199
68897910
68790361
68625502
68402973
68136226
67822410
67465366
67044142
66583205
66070231
65513397
64908264
64252226
63572149
62843153
62073359
61266095
60438345
59556528
58631918
57694340
56737816
55744007
54721808
53672526
52609213
51533423
50416172
49306202
48191446
47051863
45899404
44741424
43584915
42414804
41251437
40092911
38927497
37761304
36610742
35458237
34321557
33194971
32087457
30974341
29885945
28806057
27746075
26699864
25686311
24671292
23689691
22731508
21773657
20870058
19957240
19089205
18229699
17399116
16593524
15810217
15058480
14320969
13612228
12926757
12265398
11633113
11014876
10428730
9854717
9308521
8785802
8287142
7805444
7349426
6912710
6497280
6095624
5716512
5362141
5016906
4691910
4386918
4092770
3814686
3554640
3311582
3080471
2859767
2657280
2461700
2279955
2110823
1951142
1803737
1662585
1531635
1411129
1297036
1192347
1094952
1002835
919302
840249
767200
700398
638547
581342
528409
479654
437139
395398
358070
323426
292642
264302
237077
214043
192478
171939
154765
138874
123855
111181
98654
88263
78484
68958
62052
54567
48064
42573
37701
33267
29055
25800
22293
19435
17121
15032
12992
11313
9769
8372
7332
6290
5627
4619
4011
3522
2944
2633
2171
1840
1589
1403
1119
957
772
653
538
474
389
310
262
211
178
154
103
95
70
51
54
34
31
24
19
14
13
8
6
2
2
0
2
0
1
1
0
1
