2
2
5
6
13
14
24
24
22
44
59
66
96
116
164
188
255
317
368
445
555
688
820
1021
1332
1529
1848
2174
2594
3055
3631
4380
5112
6215
7362
8707
10316
11884
14113
16489
19116
22509
26394
30471
35544
41250
47319
54587
63008
72906
83991
96143
110864
126643
144805
164882
188306
214761
243385
276487
314008
355910
403202
454519
512347
577772
648779
729489
820132
921712
1030146
1152342
1284171
1436190
1600347
1779070
1981136
2202050
2444472
2707758
2999645
3315785
3660133
4035727
4451162
4906620
5391736
5927306
6509970
7136848
7818030
8551440
9353933
10215473
11141941
12143900
13229382
14389007
15634361
16968844
18419577
19961315
21600606
23367290
25264716
27277265
29402942
31687671
34119896
36694502
39428876
42341297
45429097
48688912
52123101
55766533
59621458
63675099
67939598
72434849
77169317
82117509
87331655
92766952
98486876
104462717
110716500
117226586
124049409
131116012
138501287
146173943
154143285
162395483
170949700
179857491
189066209
198540128
208323381
218454633
228875815
239593768
250610591
261950925
273585653
285469536
297683940
310186387
322913411
335932727
349215897
362702581
376449991
390424059
404573395
418930927
433487698
448201366
463005221
477991749
493100493
508299055
523541054
538860597
554192816
569540362
584896295
600223974
615491745
630651376
645696781
660637510
675450156
690076204
704487794
718634786
732541833
746274652
759615517
772633057
785324889
797687232
809574539
821055924
832161523
842750510
852906804
862473130
871622441
880222664
888218217
895604480
902544961
908770122
914468267
919428119
923833514
927604293
930681578
933110439
934915357
936109455
936557861
936329907
935465990
933932525
931760745
928887014
925398336
921247177
916461341
911049169
905025216
898405364
891203835
883470841
875161333
866246420
856911968
847048378
836677737
825850056
814568780
802840746
790781373
778319093
765488658
752386423
738926599
725135662
711173748
696961835
682558919
667946030
653171556
638224256
623242132
608125023
592940081
577750900
562507858
547282099
532076809
516911731
501790146
486800186
471840228
457050092
442386078
427840059
413487484
399337236
385344137
371571890
358064250
344742340
331681804
318858756
306295613
294030365
282049961
270321628
258855181
247709634
236870717
226308561
216053709
206113097
196442511
187106604
178070054
169341421
160896613
152750588
144895758
137329406
130071803
123058072
116375339
109954783
103778128
97860345
92225000
86846998
81695692
76788840
72101984
67669769
63441160
59424433
55609214
52000712
48575533
45335864
42273094
39396447
36670730
34106931
31685042
29414744
27270640
25274761
23390459
21636919
19984796
18451235
17006179
15665797
14418430
13253561
12173804
11164760
10233296
9366179
8569695
7832268
7144975
6513587
5935084
5398584
4903475
4455833
4038688
3658212
3310606
2990466
2699608
2434201
2189623
1969584
1770018
1587693
1419981
1273281
1138182
1016204
903500
805334
715219
635538
565495
499651
441860
390386
344880
302282
267175
234183
204954
179174
156947
136958
119498
103900
90269
78095
67518
58492
50461
43015
37583
31973
27291
23482
19876
17116
14434
12444
10385
8886
7397
6106
5277
4357
3662
3059
2499
2156
1694
1406
1206
990
752
686
547
436
381
264
217
171
157
111
101
67
52
45
32
36
28
12
10
5
7
9
7
0
2
0
2
2
