1
1
2
2
2
1
0
1
1
2
2
1
1
0
2
4
5
9
5
5
3
6
4
7
4
3
7
9
9
10
16
9
13
14
11
21
24
24
26
22
27
29
39
34
36
42
47
42
57
45
57
51
71
68
80
79
77
86
92
95
100
117
123
131
136
123
140
166
162
182
193
180
192
232
224
225
244
265
268
276
291
289
305
362
327
363
381
364
405
409
414
427
436
444
449
480
496
510
534
533
518
596
530
553
559
580
570
603
576
581
583
596
608
615
613
597
626
611
634
585
603
619
611
588
562
584
595
556
573
503
562
489
497
441
456
464
448
422
372
365
337
339
304
289
281
262
251
224
233
208
216
170
154
158
166
139
122
113
87
106
88
86
75
66
66
45
40
30
56
32
30
20
14
21
22
19
9
8
7
9
5
10
3
8
3
0
0
2
2
