1
0
0
1
0
1
0
0
2
0
1
0
1
0
2
1
0
4
6
1
3
7
6
7
5
5
12
13
11
15
16
20
19
13
18
27
23
23
29
40
55
51
40
54
70
65
69
69
77
113
104
104
139
137
133
153
174
153
190
218
190
266
259
249
310
302
316
383
383
348
429
441
512
526
546
543
627
635
650
812
736
807
845
888
918
1002
1016
1025
1157
1184
1275
1296
1249
1458
1468
1607
1627
1682
1656
1703
1927
1909
2034
2091
2097
2355
2238
2321
2540
2531
2560
2641
2762
2782
2914
2982
3119
3175
3178
3275
3444
3506
3464
3564
3629
3641
3812
3838
3868
4011
3914
3936
4135
4051
4231
4226
4248
4251
4273
4290
4321
4454
4392
4335
4413
4388
4337
4272
4242
4221
4321
4354
4288
4391
4223
4187
4069
4057
4092
3962
4008
3807
3797
3706
3699
3697
3417
3331
3333
3213
3080
3074
3020
2885
2882
2744
2746
2672
2524
2484
2364
2238
2237
2102
2081
2044
1932
1762
1790
1686
1610
1609
1473
1430
1360
1313
1242
1187
1114
1069
1012
942
891
823
787
754
711
625
623
591
519
525
445
418
416
370
339
308
289
268
245
234
202
170
185
148
135
131
130
115
102
71
87
72
62
49
55
48
40
39
36
25
24
25
15
16
16
15
11
7
7
8
6
4
4
5
5
3
0
1
